Epochs: 2000
RSS: 3.36587
Correctness: 0
ETL: 363.939 seconds.
ETP: 2.59876e-05 seconds.
ETC: 364.036 seconds.
