Epochs: 2000
RSS: 3.19728
Correctness: 0
ETL: 365.975 seconds.
ETP: 2.59876e-05 seconds.
ETC: 366.071 seconds.
