Epochs: 2000
RSS: 3.11005
Correctness: 0
ETL: 366.668 seconds.
ETP: 2.71797e-05 seconds.
ETC: 366.764 seconds.
