Epochs: 2000
RSS: 3.06222
Correctness: 0
ETL: 366.904 seconds.
ETP: 2.59876e-05 seconds.
ETC: 367.001 seconds.
