Epochs: 2000
RSS: 3.22033
Correctness: 0
ETL: 368.286 seconds.
ETP: 2.59876e-05 seconds.
ETC: 368.386 seconds.
