Epochs: 2000
RSS: 3.33374
Correctness: 0
ETL: 369.105 seconds.
ETP: 2.59876e-05 seconds.
ETC: 369.206 seconds.
