Epochs: 2000
RSS: 3.25022
Correctness: 0
ETL: 367.002 seconds.
ETP: 2.71797e-05 seconds.
ETC: 367.104 seconds.
