Epochs: 2000
RSS: 3.30531
Correctness: 0
ETL: 364.401 seconds.
ETP: 2.59876e-05 seconds.
ETC: 364.495 seconds.
