Epochs: 2000
RSS: 3.05763
Correctness: 0
ETL: 369.443 seconds.
ETP: 2.59876e-05 seconds.
ETC: 369.54 seconds.
