Epochs: 2000
RSS: 3.30655
Correctness: 0
ETL: 368.006 seconds.
ETP: 2.71797e-05 seconds.
ETC: 368.11 seconds.
