Epochs: 2000
RSS: 3.36532
Correctness: 0
ETL: 368.609 seconds.
ETP: 2.59876e-05 seconds.
ETC: 368.708 seconds.
