Epochs: 2000
RSS: 3.17366
Correctness: 0
ETL: 367.903 seconds.
ETP: 2.59876e-05 seconds.
ETC: 368 seconds.
