Epochs: 2000
RSS: 3.04195
Correctness: 0
ETL: 366.683 seconds.
ETP: 2.59876e-05 seconds.
ETC: 366.78 seconds.
