Epochs: 2000
RSS: 3.20944
Correctness: 0
ETL: 366.714 seconds.
ETP: 2.59876e-05 seconds.
ETC: 366.814 seconds.
