Epochs: 2000
RSS: 3.35188
Correctness: 0
ETL: 369.578 seconds.
ETP: 2.69413e-05 seconds.
ETC: 369.678 seconds.
