Epochs: 2000
RSS: 3.23259
Correctness: 0
ETL: 366.74 seconds.
ETP: 2.59876e-05 seconds.
ETC: 366.834 seconds.
