Epochs: 2000
RSS: 2.96967
Correctness: 0
ETL: 365.354 seconds.
ETP: 2.59876e-05 seconds.
ETC: 365.451 seconds.
