Epochs: 2000
RSS: 3.42104
Correctness: 0
ETL: 363.16 seconds.
ETP: 2.59876e-05 seconds.
ETC: 363.258 seconds.
