Epochs: 2000
RSS: 3.13979
Correctness: 0
ETL: 375.609 seconds.
ETP: 2.59876e-05 seconds.
ETC: 375.711 seconds.
