Epochs: 2000
RSS: 3.19785
Correctness: 0
ETL: 365.981 seconds.
ETP: 2.59876e-05 seconds.
ETC: 366.076 seconds.
