Epochs: 2000
RSS: 3.10436
Correctness: 0
ETL: 366.308 seconds.
ETP: 2.59876e-05 seconds.
ETC: 366.41 seconds.
