Epochs: 2000
RSS: 3.13602
Correctness: 0
ETL: 367.092 seconds.
ETP: 3.29018e-05 seconds.
ETC: 367.191 seconds.
