Epochs: 2000
RSS: 3.19216
Correctness: 0
ETL: 367.674 seconds.
ETP: 4.29153e-05 seconds.
ETC: 367.771 seconds.
