Epochs: 2000
RSS: 3.33796
Correctness: 0
ETL: 366.693 seconds.
ETP: 4.29153e-05 seconds.
ETC: 366.791 seconds.
