Epochs: 2000
RSS: 2.97592
Correctness: 0
ETL: 366.73 seconds.
ETP: 2.69413e-05 seconds.
ETC: 366.826 seconds.
