Epochs: 2000
RSS: 3.22742
Correctness: 0
ETL: 366.932 seconds.
ETP: 2.59876e-05 seconds.
ETC: 367.033 seconds.
