Epochs: 2000
RSS: 3.19476
Correctness: 0
ETL: 367.875 seconds.
ETP: 2.71797e-05 seconds.
ETC: 367.976 seconds.
