Epochs: 2000
RSS: 3.39861
Correctness: 0
ETL: 365.211 seconds.
ETP: 2.47955e-05 seconds.
ETC: 365.305 seconds.
