Epochs: 2000
RSS: 3.21922
Correctness: 0
ETL: 364.999 seconds.
ETP: 2.59876e-05 seconds.
ETC: 365.092 seconds.
