Epochs: 2000
RSS: 3.18664
Correctness: 0
ETL: 366.229 seconds.
ETP: 2.59876e-05 seconds.
ETC: 366.329 seconds.
