Epochs: 2000
RSS: 3.32144
Correctness: 0
ETL: 368.599 seconds.
ETP: 2.59876e-05 seconds.
ETC: 368.698 seconds.
