Epochs: 2000
RSS: 3.26003
Correctness: 0
ETL: 367.305 seconds.
ETP: 2.59876e-05 seconds.
ETC: 367.404 seconds.
