Epochs: 2000
RSS: 3.16725
Correctness: 0
ETL: 367.737 seconds.
ETP: 2.59876e-05 seconds.
ETC: 367.834 seconds.
