Epochs: 2000
RSS: 3.15948
Correctness: 0
ETL: 366.897 seconds.
ETP: 2.59876e-05 seconds.
ETC: 366.997 seconds.
