Epochs: 2000
RSS: 3.16422
Correctness: 0
ETL: 367.663 seconds.
ETP: 2.59876e-05 seconds.
ETC: 367.763 seconds.
