Epochs: 2000
RSS: 3.39081
Correctness: 0
ETL: 364.79 seconds.
ETP: 2.69413e-05 seconds.
ETC: 364.886 seconds.
