Epochs: 2000
RSS: 3.33681
Correctness: 0
ETL: 367.944 seconds.
ETP: 3.09944e-05 seconds.
ETC: 368.042 seconds.
