Epochs: 2000
RSS: 3.13948
Correctness: 0
ETL: 365.415 seconds.
ETP: 2.59876e-05 seconds.
ETC: 365.513 seconds.
