Epochs: 2000
RSS: 3.31474
Correctness: 0
ETL: 366.712 seconds.
ETP: 2.90871e-05 seconds.
ETC: 366.81 seconds.
