Epochs: 2000
RSS: 3.08731
Correctness: 0
ETL: 363.981 seconds.
ETP: 2.59876e-05 seconds.
ETC: 364.076 seconds.
