Epochs: 2000
RSS: 3.25024
Correctness: 0
ETL: 367.755 seconds.
ETP: 2.59876e-05 seconds.
ETC: 367.857 seconds.
