Epochs: 2000
RSS: 7.11803
Correctness: 0
ETL: 367.888 seconds.
ETP: 2.59876e-05 seconds.
ETC: 367.989 seconds.
