Epochs: 2000
RSS: 6.52226
Correctness: 0
ETL: 369.699 seconds.
ETP: 2.59876e-05 seconds.
ETC: 369.801 seconds.
