Epochs: 2000
RSS: 7.16249
Correctness: 0
ETL: 414.997 seconds.
ETP: 2.69413e-05 seconds.
ETC: 415.125 seconds.
