Epochs: 2000
RSS: 6.92783
Correctness: 0
ETL: 369.372 seconds.
ETP: 2.59876e-05 seconds.
ETC: 369.475 seconds.
