Epochs: 2000
RSS: 6.69216
Correctness: 0
ETL: 367.946 seconds.
ETP: 2.69413e-05 seconds.
ETC: 368.047 seconds.
