Epochs: 2000
RSS: 6.72026
Correctness: 0
ETL: 367.156 seconds.
ETP: 2.69413e-05 seconds.
ETC: 367.262 seconds.
