Epochs: 2000
RSS: 7.05297
Correctness: 0
ETL: 365.52 seconds.
ETP: 2.59876e-05 seconds.
ETC: 365.62 seconds.
