Epochs: 2000
RSS: 6.37501
Correctness: 0
ETL: 367.802 seconds.
ETP: 2.71797e-05 seconds.
ETC: 367.903 seconds.
