Epochs: 2000
RSS: 6.56684
Correctness: 0
ETL: 369.065 seconds.
ETP: 2.59876e-05 seconds.
ETC: 369.167 seconds.
