Epochs: 2000
RSS: 6.80398
Correctness: 0
ETL: 369.422 seconds.
ETP: 2.69413e-05 seconds.
ETC: 369.523 seconds.
