Epochs: 2000
RSS: 7.69872
Correctness: 0
ETL: 367.146 seconds.
ETP: 2.69413e-05 seconds.
ETC: 367.247 seconds.
