Epochs: 2000
RSS: 6.77638
Correctness: 0
ETL: 366.267 seconds.
ETP: 2.69413e-05 seconds.
ETC: 366.37 seconds.
