Epochs: 2000
RSS: 6.85486
Correctness: 0
ETL: 367.53 seconds.
ETP: 2.59876e-05 seconds.
ETC: 367.632 seconds.
