Epochs: 2000
RSS: 8.00707
Correctness: 0
ETL: 366.738 seconds.
ETP: 2.59876e-05 seconds.
ETC: 366.838 seconds.
