Epochs: 2000
RSS: 6.75853
Correctness: 0
ETL: 368.627 seconds.
ETP: 2.59876e-05 seconds.
ETC: 368.728 seconds.
