Epochs: 2000
RSS: 6.57866
Correctness: 0
ETL: 369.708 seconds.
ETP: 2.59876e-05 seconds.
ETC: 369.814 seconds.
