Epochs: 2000
RSS: 6.85163
Correctness: 0
ETL: 368.648 seconds.
ETP: 2.59876e-05 seconds.
ETC: 368.748 seconds.
