Epochs: 2000
RSS: 6.93116
Correctness: 0
ETL: 368.719 seconds.
ETP: 2.69413e-05 seconds.
ETC: 368.821 seconds.
