Epochs: 2000
RSS: 6.73547
Correctness: 0
ETL: 368.781 seconds.
ETP: 2.59876e-05 seconds.
ETC: 368.881 seconds.
