Epochs: 2000
RSS: 7.33387
Correctness: 0
ETL: 367.885 seconds.
ETP: 2.59876e-05 seconds.
ETC: 367.986 seconds.
