Epochs: 2000
RSS: 6.75695
Correctness: 0
ETL: 367.433 seconds.
ETP: 2.69413e-05 seconds.
ETC: 367.534 seconds.
