Epochs: 2000
RSS: 6.57481
Correctness: 0
ETL: 365.702 seconds.
ETP: 2.69413e-05 seconds.
ETC: 365.802 seconds.
