Epochs: 2000
RSS: 6.94927
Correctness: 0
ETL: 369.686 seconds.
ETP: 2.59876e-05 seconds.
ETC: 369.787 seconds.
