Epochs: 2000
RSS: 7.56664
Correctness: 0
ETL: 367.095 seconds.
ETP: 2.69413e-05 seconds.
ETC: 367.196 seconds.
