Epochs: 2000
RSS: 6.79989
Correctness: 0
ETL: 367.432 seconds.
ETP: 2.69413e-05 seconds.
ETC: 367.537 seconds.
