Epochs: 2000
RSS: 7.09104
Correctness: 0
ETL: 366.705 seconds.
ETP: 2.59876e-05 seconds.
ETC: 366.806 seconds.
