Epochs: 2000
RSS: 7.47416
Correctness: 0
ETL: 368.759 seconds.
ETP: 2.59876e-05 seconds.
ETC: 368.86 seconds.
