Epochs: 2000
RSS: 7.11382
Correctness: 0
ETL: 369.533 seconds.
ETP: 2.59876e-05 seconds.
ETC: 369.633 seconds.
