Epochs: 2000
RSS: 6.46924
Correctness: 0
ETL: 366.736 seconds.
ETP: 2.81334e-05 seconds.
ETC: 366.837 seconds.
