Epochs: 2000
RSS: 7.07585
Correctness: 0
ETL: 369.254 seconds.
ETP: 2.59876e-05 seconds.
ETC: 369.356 seconds.
