Epochs: 2000
RSS: 6.94436
Correctness: 0
ETL: 368.061 seconds.
ETP: 2.69413e-05 seconds.
ETC: 368.168 seconds.
