Epochs: 2000
RSS: 6.54561
Correctness: 0
ETL: 367.743 seconds.
ETP: 2.71797e-05 seconds.
ETC: 367.844 seconds.
