Epochs: 2000
RSS: 6.96596
Correctness: 0
ETL: 367.755 seconds.
ETP: 2.71797e-05 seconds.
ETC: 367.855 seconds.
