Epochs: 2000
RSS: 7.13412
Correctness: 0
ETL: 367.303 seconds.
ETP: 2.59876e-05 seconds.
ETC: 367.404 seconds.
