Epochs: 2000
RSS: 6.77638
Correctness: 0
ETL: 368.65 seconds.
ETP: 2.71797e-05 seconds.
ETC: 368.749 seconds.
