Epochs: 2000
RSS: 7.22254
Correctness: 0
ETL: 368.388 seconds.
ETP: 2.59876e-05 seconds.
ETC: 368.488 seconds.
