Epochs: 2000
RSS: 6.95117
Correctness: 0
ETL: 367.236 seconds.
ETP: 2.59876e-05 seconds.
ETC: 367.336 seconds.
