Epochs: 2000
RSS: 6.87733
Correctness: 0
ETL: 366.765 seconds.
ETP: 2.59876e-05 seconds.
ETC: 366.864 seconds.
