Epochs: 2000
RSS: 6.32221
Correctness: 0
ETL: 368.606 seconds.
ETP: 2.71797e-05 seconds.
ETC: 368.707 seconds.
