Epochs: 2000
RSS: 6.99053
Correctness: 0
ETL: 367.96 seconds.
ETP: 2.59876e-05 seconds.
ETC: 368.062 seconds.
