Epochs: 2000
RSS: 6.91979
Correctness: 0
ETL: 368.338 seconds.
ETP: 2.69413e-05 seconds.
ETC: 368.439 seconds.
