Epochs: 2000
RSS: 6.81745
Correctness: 0
ETL: 370.024 seconds.
ETP: 2.59876e-05 seconds.
ETC: 370.125 seconds.
