Epochs: 2000
RSS: 6.97813
Correctness: 0
ETL: 370.894 seconds.
ETP: 2.69413e-05 seconds.
ETC: 370.996 seconds.
