Epochs: 2000
RSS: 6.86319
Correctness: 0
ETL: 366.649 seconds.
ETP: 2.69413e-05 seconds.
ETC: 366.75 seconds.
