Epochs: 2000
RSS: 6.49191
Correctness: 0
ETL: 369.081 seconds.
ETP: 2.59876e-05 seconds.
ETC: 369.181 seconds.
