Epochs: 2000
RSS: 6.40635
Correctness: 0
ETL: 370.457 seconds.
ETP: 2.59876e-05 seconds.
ETC: 370.558 seconds.
