Epochs: 2000
RSS: 6.82059
Correctness: 0
ETL: 374.557 seconds.
ETP: 2.59876e-05 seconds.
ETC: 374.661 seconds.
