Epochs: 2000
RSS: 7.46033
Correctness: 0
ETL: 368.224 seconds.
ETP: 2.81334e-05 seconds.
ETC: 368.328 seconds.
