Epochs: 2000
RSS: 7.16024
Correctness: 0
ETL: 371.12 seconds.
ETP: 2.69413e-05 seconds.
ETC: 371.221 seconds.
