Epochs: 2000
RSS: 7.28406
Correctness: 0
ETL: 371.737 seconds.
ETP: 2.69413e-05 seconds.
ETC: 371.838 seconds.
