Epochs: 2000
RSS: 6.43713
Correctness: 0
ETL: 366.061 seconds.
ETP: 2.59876e-05 seconds.
ETC: 366.162 seconds.
