Epochs: 2000
RSS: 6.60909
Correctness: 0
ETL: 368.301 seconds.
ETP: 2.59876e-05 seconds.
ETC: 368.402 seconds.
