Epochs: 2000
RSS: 6.84701
Correctness: 0
ETL: 366.348 seconds.
ETP: 2.59876e-05 seconds.
ETC: 366.449 seconds.
