Epochs: 2000
RSS: 6.90416
Correctness: 0
ETL: 368.012 seconds.
ETP: 2.69413e-05 seconds.
ETC: 368.113 seconds.
