Epochs: 2000
RSS: 6.84727
Correctness: 0
ETL: 368.161 seconds.
ETP: 2.88486e-05 seconds.
ETC: 368.261 seconds.
