Epochs: 2000
RSS: 7.37848
Correctness: 0
ETL: 367.089 seconds.
ETP: 2.59876e-05 seconds.
ETC: 367.194 seconds.
