Epochs: 2000
RSS: 7.67854
Correctness: 0
ETL: 369.624 seconds.
ETP: 2.59876e-05 seconds.
ETC: 369.726 seconds.
