Epochs: 2000
RSS: 6.61735
Correctness: 0
ETL: 367.866 seconds.
ETP: 2.69413e-05 seconds.
ETC: 367.967 seconds.
