Epochs: 2000
RSS: 7.40093
Correctness: 0
ETL: 371.306 seconds.
ETP: 2.71797e-05 seconds.
ETC: 371.407 seconds.
