Epochs: 2000
RSS: 6.86557
Correctness: 0
ETL: 367.532 seconds.
ETP: 2.59876e-05 seconds.
ETC: 367.631 seconds.
