Epochs: 2000
RSS: 3.20128
Correctness: 0
ETL: 367.459 seconds.
ETP: 2.69413e-05 seconds.
ETC: 367.553 seconds.
