Epochs: 2000
RSS: 3.03826
Correctness: 0
ETL: 365.206 seconds.
ETP: 2.69413e-05 seconds.
ETC: 365.3 seconds.
