Epochs: 2000
RSS: 3.16359
Correctness: 0
ETL: 365.842 seconds.
ETP: 3.50475e-05 seconds.
ETC: 365.934 seconds.
