Epochs: 2000
RSS: 3.30682
Correctness: 0
ETL: 366.024 seconds.
ETP: 2.59876e-05 seconds.
ETC: 366.119 seconds.
