Epochs: 2000
RSS: 2.97439
Correctness: 0
ETL: 363.604 seconds.
ETP: 2.59876e-05 seconds.
ETC: 363.699 seconds.
