Epochs: 2000
RSS: 2.94854
Correctness: 0
ETL: 364.649 seconds.
ETP: 2.59876e-05 seconds.
ETC: 364.743 seconds.
