Epochs: 2000
RSS: 3.17948
Correctness: 0
ETL: 365.762 seconds.
ETP: 2.47955e-05 seconds.
ETC: 365.856 seconds.
