Epochs: 2000
RSS: 2.94754
Correctness: 0
ETL: 363.745 seconds.
ETP: 3.60012e-05 seconds.
ETC: 363.837 seconds.
