Epochs: 2000
RSS: 3.07318
Correctness: 0
ETL: 363.709 seconds.
ETP: 2.69413e-05 seconds.
ETC: 363.807 seconds.
