Epochs: 2000
RSS: 3.20704
Correctness: 0
ETL: 363.158 seconds.
ETP: 2.59876e-05 seconds.
ETC: 363.252 seconds.
