Epochs: 2000
RSS: 3.14255
Correctness: 0
ETL: 364.006 seconds.
ETP: 3.00407e-05 seconds.
ETC: 364.099 seconds.
