Epochs: 2000
RSS: 3.15498
Correctness: 0
ETL: 364.497 seconds.
ETP: 3.48091e-05 seconds.
ETC: 364.59 seconds.
