Epochs: 2000
RSS: 3.22315
Correctness: 0
ETL: 365.757 seconds.
ETP: 2.69413e-05 seconds.
ETC: 365.852 seconds.
