Epochs: 2000
RSS: 3.06857
Correctness: 0
ETL: 366.274 seconds.
ETP: 2.69413e-05 seconds.
ETC: 366.367 seconds.
