Epochs: 2000
RSS: 3.07697
Correctness: 0
ETL: 366.488 seconds.
ETP: 2.59876e-05 seconds.
ETC: 366.581 seconds.
