Epochs: 2000
RSS: 3.18897
Correctness: 0
ETL: 364.134 seconds.
ETP: 2.59876e-05 seconds.
ETC: 364.235 seconds.
