Epochs: 2000
RSS: 3.33217
Correctness: 0
ETL: 365.11 seconds.
ETP: 2.69413e-05 seconds.
ETC: 365.208 seconds.
