Epochs: 2000
RSS: 3.10054
Correctness: 0
ETL: 363.114 seconds.
ETP: 2.90871e-05 seconds.
ETC: 363.208 seconds.
