Epochs: 2000
RSS: 3.14382
Correctness: 0
ETL: 368.324 seconds.
ETP: 3.00407e-05 seconds.
ETC: 368.417 seconds.
