Epochs: 2000
RSS: 3.33713
Correctness: 0
ETL: 367.926 seconds.
ETP: 2.59876e-05 seconds.
ETC: 368.02 seconds.
