Epochs: 2000
RSS: 3.31667
Correctness: 0
ETL: 365.06 seconds.
ETP: 2.59876e-05 seconds.
ETC: 365.154 seconds.
