Epochs: 2000
RSS: 3.22687
Correctness: 0
ETL: 362.766 seconds.
ETP: 2.81334e-05 seconds.
ETC: 362.86 seconds.
