Epochs: 2000
RSS: 3.23543
Correctness: 0
ETL: 365.077 seconds.
ETP: 3.09944e-05 seconds.
ETC: 365.171 seconds.
