Epochs: 2000
RSS: 3.27866
Correctness: 0
ETL: 367.137 seconds.
ETP: 2.59876e-05 seconds.
ETC: 367.231 seconds.
