Epochs: 2000
RSS: 3.15719
Correctness: 0
ETL: 366.425 seconds.
ETP: 2.59876e-05 seconds.
ETC: 366.519 seconds.
