Epochs: 2000
RSS: 3.12281
Correctness: 0
ETL: 364.531 seconds.
ETP: 2.47955e-05 seconds.
ETC: 364.625 seconds.
