Epochs: 2000
RSS: 3.27374
Correctness: 0
ETL: 365.488 seconds.
ETP: 2.59876e-05 seconds.
ETC: 365.582 seconds.
