Epochs: 2000
RSS: 3.26027
Correctness: 0
ETL: 394.756 seconds.
ETP: 2.59876e-05 seconds.
ETC: 394.864 seconds.
