Epochs: 2000
RSS: 3.08649
Correctness: 0
ETL: 366.843 seconds.
ETP: 2.69413e-05 seconds.
ETC: 366.937 seconds.
