Epochs: 2000
RSS: 3.08569
Correctness: 0
ETL: 368.28 seconds.
ETP: 2.81334e-05 seconds.
ETC: 368.373 seconds.
