Epochs: 2000
RSS: 3.12595
Correctness: 0
ETL: 363.94 seconds.
ETP: 3.19481e-05 seconds.
ETC: 364.034 seconds.
