Epochs: 2000
RSS: 3.19058
Correctness: 0
ETL: 365.296 seconds.
ETP: 2.59876e-05 seconds.
ETC: 365.39 seconds.
