Epochs: 2000
RSS: 3.12537
Correctness: 0
ETL: 367.124 seconds.
ETP: 2.59876e-05 seconds.
ETC: 367.219 seconds.
