Epochs: 2000
RSS: 3.19307
Correctness: 0
ETL: 372.851 seconds.
ETP: 2.88486e-05 seconds.
ETC: 372.949 seconds.
