Epochs: 2000
RSS: 3.18114
Correctness: 0
ETL: 366.234 seconds.
ETP: 2.69413e-05 seconds.
ETC: 366.331 seconds.
