Epochs: 2000
RSS: 7.01069
Correctness: 0
ETL: 364.85 seconds.
ETP: 2.59876e-05 seconds.
ETC: 364.944 seconds.
