Epochs: 2000
RSS: 6.57958
Correctness: 0
ETL: 363.351 seconds.
ETP: 2.59876e-05 seconds.
ETC: 363.446 seconds.
