Epochs: 2000
RSS: 7.53357
Correctness: 0
ETL: 366.156 seconds.
ETP: 2.59876e-05 seconds.
ETC: 366.25 seconds.
