Epochs: 2000
RSS: 6.71523
Correctness: 0
ETL: 365.982 seconds.
ETP: 2.59876e-05 seconds.
ETC: 366.075 seconds.
