Epochs: 2000
RSS: 7.16412
Correctness: 0
ETL: 363.715 seconds.
ETP: 3.09944e-05 seconds.
ETC: 363.809 seconds.
