Epochs: 2000
RSS: 7.07552
Correctness: 0
ETL: 365.604 seconds.
ETP: 2.59876e-05 seconds.
ETC: 365.7 seconds.
