Epochs: 2000
RSS: 6.79789
Correctness: 0
ETL: 365.476 seconds.
ETP: 2.59876e-05 seconds.
ETC: 365.573 seconds.
