Epochs: 2000
RSS: 6.98708
Correctness: 0
ETL: 363.624 seconds.
ETP: 2.59876e-05 seconds.
ETC: 363.717 seconds.
