Epochs: 2000
RSS: 6.81191
Correctness: 0
ETL: 365.713 seconds.
ETP: 2.59876e-05 seconds.
ETC: 365.807 seconds.
