Epochs: 2000
RSS: 7.65293
Correctness: 0
ETL: 363.743 seconds.
ETP: 2.81334e-05 seconds.
ETC: 363.837 seconds.
