Epochs: 2000
RSS: 7.42766
Correctness: 0
ETL: 364.636 seconds.
ETP: 2.59876e-05 seconds.
ETC: 364.729 seconds.
