Epochs: 2000
RSS: 6.67357
Correctness: 0
ETL: 367.138 seconds.
ETP: 2.59876e-05 seconds.
ETC: 367.236 seconds.
