Epochs: 2000
RSS: 7.40929
Correctness: 0
ETL: 364.807 seconds.
ETP: 2.47955e-05 seconds.
ETC: 364.9 seconds.
