Epochs: 2000
RSS: 7.04082
Correctness: 0
ETL: 364.884 seconds.
ETP: 2.59876e-05 seconds.
ETC: 364.98 seconds.
