Epochs: 2000
RSS: 7.15247
Correctness: 0
ETL: 388.239 seconds.
ETP: 2.59876e-05 seconds.
ETC: 388.345 seconds.
