Epochs: 2000
RSS: 7.22713
Correctness: 0
ETL: 364.564 seconds.
ETP: 2.59876e-05 seconds.
ETC: 364.662 seconds.
