Epochs: 2000
RSS: 6.14809
Correctness: 0
ETL: 365.643 seconds.
ETP: 2.59876e-05 seconds.
ETC: 365.738 seconds.
