Epochs: 2000
RSS: 6.55611
Correctness: 0
ETL: 363.597 seconds.
ETP: 2.59876e-05 seconds.
ETC: 363.69 seconds.
