Epochs: 2000
RSS: 6.75518
Correctness: 0
ETL: 364.96 seconds.
ETP: 2.59876e-05 seconds.
ETC: 365.054 seconds.
