Epochs: 2000
RSS: 7.34836
Correctness: 0
ETL: 365.524 seconds.
ETP: 2.59876e-05 seconds.
ETC: 365.617 seconds.
