Epochs: 2000
RSS: 6.98772
Correctness: 0
ETL: 364.256 seconds.
ETP: 2.59876e-05 seconds.
ETC: 364.354 seconds.
