Epochs: 2000
RSS: 7.94898
Correctness: 0
ETL: 364.445 seconds.
ETP: 2.69413e-05 seconds.
ETC: 364.543 seconds.
