Epochs: 2000
RSS: 7.25843
Correctness: 0
ETL: 365.035 seconds.
ETP: 2.59876e-05 seconds.
ETC: 365.129 seconds.
