Epochs: 2000
RSS: 6.67784
Correctness: 0
ETL: 364.686 seconds.
ETP: 2.59876e-05 seconds.
ETC: 364.779 seconds.
