Epochs: 2000
RSS: 7.02879
Correctness: 0
ETL: 366.258 seconds.
ETP: 3.50475e-05 seconds.
ETC: 366.352 seconds.
