Epochs: 2000
RSS: 6.59426
Correctness: 0
ETL: 367.158 seconds.
ETP: 2.59876e-05 seconds.
ETC: 367.252 seconds.
