Epochs: 2000
RSS: 6.72041
Correctness: 0
ETL: 364.267 seconds.
ETP: 2.59876e-05 seconds.
ETC: 364.361 seconds.
