Epochs: 2000
RSS: 7.14156
Correctness: 0
ETL: 364.839 seconds.
ETP: 2.59876e-05 seconds.
ETC: 364.933 seconds.
