Epochs: 2000
RSS: 6.60375
Correctness: 0
ETL: 366.357 seconds.
ETP: 2.59876e-05 seconds.
ETC: 366.452 seconds.
