Epochs: 2000
RSS: 7.12843
Correctness: 0
ETL: 363.539 seconds.
ETP: 2.59876e-05 seconds.
ETC: 363.633 seconds.
