Epochs: 2000
RSS: 6.32892
Correctness: 0
ETL: 366.731 seconds.
ETP: 2.59876e-05 seconds.
ETC: 366.825 seconds.
