Epochs: 2000
RSS: 3.22808
Correctness: 0
ETL: 815.556 seconds.
ETP: 2.69413e-05 seconds.
ETC: 815.858 seconds.
