Epochs: 2000
RSS: 7.00581
Correctness: 0
ETL: 360.562 seconds.
ETP: 2.81334e-05 seconds.
ETC: 360.634 seconds.
