Epochs: 2000
RSS: 6.73812
Correctness: 0
ETL: 362.348 seconds.
ETP: 3.09944e-05 seconds.
ETC: 362.421 seconds.
