Epochs: 2000
RSS: 6.90357
Correctness: 0
ETL: 360.601 seconds.
ETP: 2.90871e-05 seconds.
ETC: 360.673 seconds.
