Epochs: 2000
RSS: 6.81148
Correctness: 0
ETL: 362.104 seconds.
ETP: 2.69413e-05 seconds.
ETC: 362.175 seconds.
