Epochs: 2000
RSS: 7.23546
Correctness: 0
ETL: 361.114 seconds.
ETP: 2.40803e-05 seconds.
ETC: 361.185 seconds.
