Epochs: 2000
RSS: 6.41962
Correctness: 0
ETL: 360.907 seconds.
ETP: 2.90871e-05 seconds.
ETC: 360.978 seconds.
