Epochs: 2000
RSS: 6.72565
Correctness: 0
ETL: 362.105 seconds.
ETP: 2.40803e-05 seconds.
ETC: 362.177 seconds.
