Epochs: 2000
RSS: 7.33903
Correctness: 0
ETL: 362.039 seconds.
ETP: 7.70092e-05 seconds.
ETC: 362.111 seconds.
