Epochs: 2000
RSS: 6.50403
Correctness: 0
ETL: 362.672 seconds.
ETP: 2.59876e-05 seconds.
ETC: 362.744 seconds.
