Epochs: 2000
RSS: 7.22788
Correctness: 0
ETL: 362.399 seconds.
ETP: 2.59876e-05 seconds.
ETC: 362.477 seconds.
