Epochs: 2000
RSS: 6.80965
Correctness: 0
ETL: 359.75 seconds.
ETP: 3.29018e-05 seconds.
ETC: 359.821 seconds.
