Epochs: 2000
RSS: 7.01358
Correctness: 0
ETL: 361.669 seconds.
ETP: 2.59876e-05 seconds.
ETC: 361.746 seconds.
