Epochs: 2000
RSS: 6.66604
Correctness: 0
ETL: 359.487 seconds.
ETP: 2.47955e-05 seconds.
ETC: 359.559 seconds.
