Epochs: 2000
RSS: 6.65674
Correctness: 0
ETL: 362.083 seconds.
ETP: 2.38419e-05 seconds.
ETC: 362.154 seconds.
