Epochs: 2000
RSS: 6.43682
Correctness: 0
ETL: 359.544 seconds.
ETP: 3.29018e-05 seconds.
ETC: 359.615 seconds.
