Epochs: 2000
RSS: 6.38679
Correctness: 0
ETL: 362.526 seconds.
ETP: 3.69549e-05 seconds.
ETC: 362.598 seconds.
