Epochs: 2000
RSS: 6.80343
Correctness: 0
ETL: 379.857 seconds.
ETP: 2.59876e-05 seconds.
ETC: 379.931 seconds.
