Epochs: 2000
RSS: 6.59879
Correctness: 0
ETL: 359.955 seconds.
ETP: 2.59876e-05 seconds.
ETC: 360.027 seconds.
