Epochs: 2000
RSS: 6.75742
Correctness: 0
ETL: 359.813 seconds.
ETP: 2.40803e-05 seconds.
ETC: 359.896 seconds.
