Epochs: 2000
RSS: 6.36486
Correctness: 0
ETL: 364.479 seconds.
ETP: 2.90871e-05 seconds.
ETC: 364.551 seconds.
