Epochs: 2000
RSS: 6.90721
Correctness: 0
ETL: 360.514 seconds.
ETP: 2.88486e-05 seconds.
ETC: 360.586 seconds.
