Epochs: 2000
RSS: 6.85079
Correctness: 0
ETL: 359.893 seconds.
ETP: 3.19481e-05 seconds.
ETC: 359.964 seconds.
