Epochs: 2000
RSS: 6.68283
Correctness: 0
ETL: 361.42 seconds.
ETP: 2.69413e-05 seconds.
ETC: 361.492 seconds.
