Epochs: 2000
RSS: 6.76375
Correctness: 0
ETL: 359.259 seconds.
ETP: 2.59876e-05 seconds.
ETC: 359.33 seconds.
