Epochs: 2000
RSS: 6.86843
Correctness: 0
ETL: 362.079 seconds.
ETP: 2.59876e-05 seconds.
ETC: 362.15 seconds.
