Epochs: 2000
RSS: 6.94634
Correctness: 0
ETL: 361.406 seconds.
ETP: 2.90871e-05 seconds.
ETC: 361.478 seconds.
