Epochs: 2000
RSS: 6.92312
Correctness: 0
ETL: 363.296 seconds.
ETP: 2.59876e-05 seconds.
ETC: 363.375 seconds.
