Epochs: 2000
RSS: 7.31304
Correctness: 0
ETL: 363.258 seconds.
ETP: 2.59876e-05 seconds.
ETC: 363.335 seconds.
