Epochs: 2000
RSS: 7.80643
Correctness: 0
ETL: 363.786 seconds.
ETP: 2.47955e-05 seconds.
ETC: 363.859 seconds.
