Epochs: 2000
RSS: 7.17812
Correctness: 0
ETL: 361.841 seconds.
ETP: 2.59876e-05 seconds.
ETC: 361.916 seconds.
