Epochs: 2000
RSS: 6.24871
Correctness: 0
ETL: 359.61 seconds.
ETP: 2.90871e-05 seconds.
ETC: 359.683 seconds.
