Epochs: 2000
RSS: 7.45984
Correctness: 0
ETL: 361.121 seconds.
ETP: 3.09944e-05 seconds.
ETC: 361.195 seconds.
