Epochs: 2000
RSS: 7.75817
Correctness: 0
ETL: 361.74 seconds.
ETP: 2.59876e-05 seconds.
ETC: 361.813 seconds.
