Epochs: 2000
RSS: 6.75862
Correctness: 0
ETL: 361.427 seconds.
ETP: 2.69413e-05 seconds.
ETC: 361.5 seconds.
