Epochs: 2000
RSS: 7.19539
Correctness: 0
ETL: 364.058 seconds.
ETP: 3.00407e-05 seconds.
ETC: 364.131 seconds.
