Epochs: 2000
RSS: 7.32144
Correctness: 0
ETL: 361.277 seconds.
ETP: 2.40803e-05 seconds.
ETC: 361.35 seconds.
