Epochs: 2000
RSS: 6.49935
Correctness: 0
ETL: 362.263 seconds.
ETP: 2.98023e-05 seconds.
ETC: 362.336 seconds.
