Epochs: 2000
RSS: 7.48941
Correctness: 0
ETL: 362.053 seconds.
ETP: 2.59876e-05 seconds.
ETC: 362.126 seconds.
