Epochs: 2000
RSS: 6.91057
Correctness: 0
ETL: 362.796 seconds.
ETP: 2.47955e-05 seconds.
ETC: 362.877 seconds.
