Epochs: 2000
RSS: 7.59634
Correctness: 0
ETL: 361.102 seconds.
ETP: 2.90871e-05 seconds.
ETC: 361.175 seconds.
