Epochs: 2000
RSS: 6.97511
Correctness: 0
ETL: 361.919 seconds.
ETP: 2.69413e-05 seconds.
ETC: 361.992 seconds.
