Epochs: 2000
RSS: 8.17868
Correctness: 0
ETL: 361.447 seconds.
ETP: 2.59876e-05 seconds.
ETC: 361.52 seconds.
