Epochs: 2000
RSS: 7.53836
Correctness: 0
ETL: 360.034 seconds.
ETP: 2.59876e-05 seconds.
ETC: 360.108 seconds.
