Epochs: 2000
RSS: 7.05896
Correctness: 0
ETL: 362.642 seconds.
ETP: 2.59876e-05 seconds.
ETC: 362.719 seconds.
