Epochs: 2000
RSS: 7.48399
Correctness: 0
ETL: 361.886 seconds.
ETP: 2.59876e-05 seconds.
ETC: 361.959 seconds.
