Epochs: 2000
RSS: 7.54676
Correctness: 0
ETL: 361.783 seconds.
ETP: 2.59876e-05 seconds.
ETC: 361.856 seconds.
