Epochs: 2000
RSS: 6.98994
Correctness: 0
ETL: 361.585 seconds.
ETP: 2.47955e-05 seconds.
ETC: 361.658 seconds.
