Epochs: 2000
RSS: 7.40927
Correctness: 0
ETL: 363.491 seconds.
ETP: 2.59876e-05 seconds.
ETC: 363.564 seconds.
