Epochs: 2000
RSS: 6.96018
Correctness: 0
ETL: 362.131 seconds.
ETP: 2.59876e-05 seconds.
ETC: 362.208 seconds.
