Epochs: 2000
RSS: 7.38065
Correctness: 0
ETL: 362.079 seconds.
ETP: 2.71797e-05 seconds.
ETC: 362.153 seconds.
