Epochs: 2000
RSS: 6.86143
Correctness: 0
ETL: 361.983 seconds.
ETP: 2.47955e-05 seconds.
ETC: 362.056 seconds.
