Epochs: 2000
RSS: 7.09486
Correctness: 0
ETL: 361.256 seconds.
ETP: 2.59876e-05 seconds.
ETC: 361.336 seconds.
