Epochs: 2000
RSS: 6.87747
Correctness: 0
ETL: 360.951 seconds.
ETP: 2.98023e-05 seconds.
ETC: 361.03 seconds.
