Epochs: 2000
RSS: 6.89922
Correctness: 0
ETL: 362.33 seconds.
ETP: 2.90871e-05 seconds.
ETC: 362.403 seconds.
