Epochs: 2000
RSS: 6.85745
Correctness: 0
ETL: 362.124 seconds.
ETP: 2.90871e-05 seconds.
ETC: 362.197 seconds.
