Epochs: 2000
RSS: 6.93031
Correctness: 0
ETL: 361.218 seconds.
ETP: 2.47955e-05 seconds.
ETC: 361.291 seconds.
