Epochs: 2000
RSS: 6.96964
Correctness: 0
ETL: 361.621 seconds.
ETP: 3.00407e-05 seconds.
ETC: 361.695 seconds.
