Epochs: 2000
RSS: 7.24798
Correctness: 0
ETL: 361.059 seconds.
ETP: 4.41074e-05 seconds.
ETC: 361.132 seconds.
