Epochs: 2000
RSS: 7.16298
Correctness: 0
ETL: 361.575 seconds.
ETP: 2.59876e-05 seconds.
ETC: 361.649 seconds.
