Epochs: 2000
RSS: 7.33948
Correctness: 0
ETL: 362.02 seconds.
ETP: 2.59876e-05 seconds.
ETC: 362.093 seconds.
