Epochs: 2000
RSS: 6.99769
Correctness: 0
ETL: 362.815 seconds.
ETP: 2.69413e-05 seconds.
ETC: 362.888 seconds.
