Epochs: 2000
RSS: 8.34382
Correctness: 0
ETL: 362.498 seconds.
ETP: 2.59876e-05 seconds.
ETC: 362.571 seconds.
