Epochs: 2000
RSS: 8.06006
Correctness: 0
ETL: 361.777 seconds.
ETP: 2.59876e-05 seconds.
ETC: 361.853 seconds.
