Epochs: 2000
RSS: 7.38414
Correctness: 0
ETL: 362.49 seconds.
ETP: 2.59876e-05 seconds.
ETC: 362.564 seconds.
