Epochs: 2000
RSS: 3.08559
Correctness: 0
ETL: 373.468 seconds.
ETP: 2.81334e-05 seconds.
ETC: 373.582 seconds.
