Epochs: 2000
RSS: 3.07215
Correctness: 0
ETL: 371.369 seconds.
ETP: 2.71797e-05 seconds.
ETC: 371.482 seconds.
