Epochs: 2000
RSS: 3.72831
Correctness: 0
ETL: 372.587 seconds.
ETP: 2.69413e-05 seconds.
ETC: 372.7 seconds.
