Epochs: 2000
RSS: 3.18168
Correctness: 0
ETL: 376.685 seconds.
ETP: 2.59876e-05 seconds.
ETC: 376.807 seconds.
