Epochs: 2000
RSS: 3.50186
Correctness: 0
ETL: 373.433 seconds.
ETP: 2.59876e-05 seconds.
ETC: 373.552 seconds.
