Epochs: 2000
RSS: 3.23871
Correctness: 0
ETL: 375.295 seconds.
ETP: 2.59876e-05 seconds.
ETC: 375.409 seconds.
