Epochs: 2000
RSS: 3.12169
Correctness: 0
ETL: 379.317 seconds.
ETP: 2.69413e-05 seconds.
ETC: 379.431 seconds.
