Epochs: 2000
RSS: 3.92634
Correctness: 0
ETL: 371.088 seconds.
ETP: 2.69413e-05 seconds.
ETC: 371.201 seconds.
