Epochs: 2000
RSS: 3.77505
Correctness: 0
ETL: 373.327 seconds.
ETP: 2.59876e-05 seconds.
ETC: 373.441 seconds.
