Epochs: 2000
RSS: 3.27308
Correctness: 0
ETL: 372.123 seconds.
ETP: 2.59876e-05 seconds.
ETC: 372.238 seconds.
