Epochs: 2000
RSS: 3.13814
Correctness: 0
ETL: 373.888 seconds.
ETP: 2.69413e-05 seconds.
ETC: 374.01 seconds.
