Epochs: 2000
RSS: 3.43472
Correctness: 0
ETL: 374.25 seconds.
ETP: 2.59876e-05 seconds.
ETC: 374.365 seconds.
