Epochs: 2000
RSS: 3.54372
Correctness: 0
ETL: 372.724 seconds.
ETP: 2.69413e-05 seconds.
ETC: 372.842 seconds.
