Epochs: 2000
RSS: 3.61878
Correctness: 0
ETL: 372.216 seconds.
ETP: 2.69413e-05 seconds.
ETC: 372.33 seconds.
