Epochs: 2000
RSS: 3.30881
Correctness: 0
ETL: 379.527 seconds.
ETP: 2.59876e-05 seconds.
ETC: 379.644 seconds.
