Epochs: 2000
RSS: 3.18254
Correctness: 0
ETL: 373.075 seconds.
ETP: 2.71797e-05 seconds.
ETC: 373.188 seconds.
