Epochs: 2000
RSS: 3.42783
Correctness: 0
ETL: 374.614 seconds.
ETP: 2.71797e-05 seconds.
ETC: 374.729 seconds.
