Epochs: 2000
RSS: 3.60399
Correctness: 0
ETL: 374.625 seconds.
ETP: 2.59876e-05 seconds.
ETC: 374.745 seconds.
