Epochs: 2000
RSS: 3.19382
Correctness: 0
ETL: 374.336 seconds.
ETP: 2.69413e-05 seconds.
ETC: 374.453 seconds.
