Epochs: 2000
RSS: 3.18389
Correctness: 0
ETL: 372.545 seconds.
ETP: 2.69413e-05 seconds.
ETC: 372.659 seconds.
