Epochs: 2000
RSS: 3.25024
Correctness: 0
ETL: 373.348 seconds.
ETP: 2.69413e-05 seconds.
ETC: 373.469 seconds.
