Epochs: 2000
RSS: 2.99298
Correctness: 0
ETL: 374.277 seconds.
ETP: 2.69413e-05 seconds.
ETC: 374.396 seconds.
