Epochs: 2000
RSS: 2.99437
Correctness: 0
ETL: 372.998 seconds.
ETP: 2.59876e-05 seconds.
ETC: 373.112 seconds.
