Epochs: 2000
RSS: 3.26357
Correctness: 0
ETL: 372.641 seconds.
ETP: 2.59876e-05 seconds.
ETC: 372.755 seconds.
