Epochs: 2000
RSS: 3.05014
Correctness: 0
ETL: 370.894 seconds.
ETP: 2.69413e-05 seconds.
ETC: 371.009 seconds.
