Epochs: 2000
RSS: 3.52226
Correctness: 0
ETL: 373.24 seconds.
ETP: 2.69413e-05 seconds.
ETC: 373.359 seconds.
