Epochs: 2000
RSS: 3.28923
Correctness: 0
ETL: 373.52 seconds.
ETP: 2.69413e-05 seconds.
ETC: 373.634 seconds.
