Epochs: 2000
RSS: 3.26914
Correctness: 0
ETL: 372.176 seconds.
ETP: 2.59876e-05 seconds.
ETC: 372.294 seconds.
