Epochs: 2000
RSS: 3.27581
Correctness: 0
ETL: 373.372 seconds.
ETP: 2.71797e-05 seconds.
ETC: 373.491 seconds.
