Epochs: 2000
RSS: 3.18603
Correctness: 0
ETL: 373.299 seconds.
ETP: 2.59876e-05 seconds.
ETC: 373.414 seconds.
