Epochs: 2000
RSS: 3.06468
Correctness: 0
ETL: 371.473 seconds.
ETP: 2.69413e-05 seconds.
ETC: 371.592 seconds.
