Epochs: 2000
RSS: 3.23111
Correctness: 0
ETL: 372.993 seconds.
ETP: 2.59876e-05 seconds.
ETC: 373.107 seconds.
