Epochs: 2000
RSS: 3.13394
Correctness: 0
ETL: 372.177 seconds.
ETP: 2.69413e-05 seconds.
ETC: 372.29 seconds.
