Epochs: 2000
RSS: 2.95853
Correctness: 0
ETL: 372.087 seconds.
ETP: 2.69413e-05 seconds.
ETC: 372.2 seconds.
