Epochs: 2000
RSS: 3.34488
Correctness: 0
ETL: 370.587 seconds.
ETP: 2.69413e-05 seconds.
ETC: 370.701 seconds.
