Epochs: 2000
RSS: 3.03014
Correctness: 0
ETL: 373.397 seconds.
ETP: 2.69413e-05 seconds.
ETC: 373.514 seconds.
