Epochs: 2000
RSS: 3.19425
Correctness: 0
ETL: 403.601 seconds.
ETP: 2.59876e-05 seconds.
ETC: 403.734 seconds.
