Epochs: 2000
RSS: 3.04687
Correctness: 0
ETL: 374.248 seconds.
ETP: 2.69413e-05 seconds.
ETC: 374.362 seconds.
