Epochs: 2000
RSS: 3.28331
Correctness: 0
ETL: 373.401 seconds.
ETP: 2.71797e-05 seconds.
ETC: 373.515 seconds.
