Epochs: 2000
RSS: 2.89911
Correctness: 0
ETL: 374.344 seconds.
ETP: 2.59876e-05 seconds.
ETC: 374.456 seconds.
