Epochs: 2000
RSS: 3.41602
Correctness: 0
ETL: 373.954 seconds.
ETP: 2.59876e-05 seconds.
ETC: 374.068 seconds.
