Epochs: 2000
RSS: 3.03492
Correctness: 0
ETL: 374.764 seconds.
ETP: 2.59876e-05 seconds.
ETC: 374.885 seconds.
