Epochs: 2000
RSS: 3.31822
Correctness: 0
ETL: 371.329 seconds.
ETP: 2.69413e-05 seconds.
ETC: 371.448 seconds.
