Epochs: 2000
RSS: 3.52005
Correctness: 0
ETL: 374.136 seconds.
ETP: 2.69413e-05 seconds.
ETC: 374.25 seconds.
