Epochs: 2000
RSS: 3.62318
Correctness: 0
ETL: 376.578 seconds.
ETP: 2.71797e-05 seconds.
ETC: 376.695 seconds.
