Epochs: 2000
RSS: 3.24945
Correctness: 0
ETL: 370.232 seconds.
ETP: 2.69413e-05 seconds.
ETC: 370.345 seconds.
