Epochs: 2000
RSS: 3.20426
Correctness: 0
ETL: 374.855 seconds.
ETP: 2.69413e-05 seconds.
ETC: 374.974 seconds.
