Epochs: 2000
RSS: 3.63858
Correctness: 0
ETL: 372.521 seconds.
ETP: 2.69413e-05 seconds.
ETC: 372.635 seconds.
