Epochs: 2000
RSS: 3.09021
Correctness: 0
ETL: 372.097 seconds.
ETP: 2.59876e-05 seconds.
ETC: 372.228 seconds.
