Epochs: 2000
RSS: 3.08584
Correctness: 0
ETL: 368.183 seconds.
ETP: 2.69413e-05 seconds.
ETC: 368.297 seconds.
