Epochs: 2000
RSS: 3.37384
Correctness: 0
ETL: 370.287 seconds.
ETP: 2.59876e-05 seconds.
ETC: 370.401 seconds.
