Epochs: 2000
RSS: 3.19554
Correctness: 0
ETL: 372.103 seconds.
ETP: 2.59876e-05 seconds.
ETC: 372.219 seconds.
