Epochs: 2000
RSS: 3.10461
Correctness: 0
ETL: 374.626 seconds.
ETP: 2.59876e-05 seconds.
ETC: 374.742 seconds.
