Epochs: 2000
RSS: 3.33594
Correctness: 0
ETL: 376.109 seconds.
ETP: 2.71797e-05 seconds.
ETC: 376.223 seconds.
