Epochs: 2000
RSS: 3.56968
Correctness: 0
ETL: 372.682 seconds.
ETP: 2.59876e-05 seconds.
ETC: 372.802 seconds.
