Epochs: 2000
RSS: 2.99799
Correctness: 0
ETL: 372.902 seconds.
ETP: 2.59876e-05 seconds.
ETC: 373.018 seconds.
