Epochs: 2000
RSS: 3.21818
Correctness: 0
ETL: 371.974 seconds.
ETP: 2.69413e-05 seconds.
ETC: 372.087 seconds.
