Epochs: 2000
RSS: 3.08355
Correctness: 0
ETL: 401.329 seconds.
ETP: 2.59876e-05 seconds.
ETC: 401.453 seconds.
