Epochs: 2000
RSS: 3.14206
Correctness: 0
ETL: 373.679 seconds.
ETP: 2.81334e-05 seconds.
ETC: 373.793 seconds.
