Epochs: 2000
RSS: 2.99783
Correctness: 0
ETL: 372.97 seconds.
ETP: 2.69413e-05 seconds.
ETC: 373.091 seconds.
