Epochs: 2000
RSS: 3.29233
Correctness: 0
ETL: 374.74 seconds.
ETP: 2.69413e-05 seconds.
ETC: 374.854 seconds.
