Epochs: 2000
RSS: 3.25145
Correctness: 0
ETL: 371.873 seconds.
ETP: 2.59876e-05 seconds.
ETC: 371.987 seconds.
