Epochs: 2000
RSS: 2.84814
Correctness: 0
ETL: 374.431 seconds.
ETP: 2.59876e-05 seconds.
ETC: 374.545 seconds.
