Epochs: 2000
RSS: 3.53809
Correctness: 0
ETL: 373.134 seconds.
ETP: 2.59876e-05 seconds.
ETC: 373.248 seconds.
