Epochs: 2000
RSS: 3.49795
Correctness: 0
ETL: 365.067 seconds.
ETP: 4.88758e-05 seconds.
ETC: 365.182 seconds.
