Epochs: 2000
RSS: 3.08168
Correctness: 0
ETL: 373.207 seconds.
ETP: 2.59876e-05 seconds.
ETC: 373.322 seconds.
