Epochs: 2000
RSS: 3.46681
Correctness: 0
ETL: 373.499 seconds.
ETP: 2.69413e-05 seconds.
ETC: 373.613 seconds.
