Epochs: 2000
RSS: 3.17408
Correctness: 0
ETL: 373.64 seconds.
ETP: 2.69413e-05 seconds.
ETC: 373.758 seconds.
