Epochs: 2000
RSS: 3.16449
Correctness: 0
ETL: 372.599 seconds.
ETP: 2.59876e-05 seconds.
ETC: 372.713 seconds.
