Epochs: 2000
RSS: 3.25198
Correctness: 0
ETL: 374.12 seconds.
ETP: 2.69413e-05 seconds.
ETC: 374.282 seconds.
