Epochs: 2000
RSS: 3.14724
Correctness: 0
ETL: 366.825 seconds.
ETP: 2.59876e-05 seconds.
ETC: 366.928 seconds.
