Epochs: 2000
RSS: 3.30129
Correctness: 0
ETL: 367.821 seconds.
ETP: 2.69413e-05 seconds.
ETC: 367.927 seconds.
