Epochs: 2000
RSS: 3.30044
Correctness: 0
ETL: 370.234 seconds.
ETP: 2.59876e-05 seconds.
ETC: 370.334 seconds.
