Epochs: 2000
RSS: 3.18765
Correctness: 0
ETL: 367.477 seconds.
ETP: 2.59876e-05 seconds.
ETC: 367.577 seconds.
