Epochs: 2000
RSS: 3.30368
Correctness: 0
ETL: 369.664 seconds.
ETP: 2.71797e-05 seconds.
ETC: 369.772 seconds.
