Epochs: 2000
RSS: 3.14051
Correctness: 0
ETL: 368.201 seconds.
ETP: 2.59876e-05 seconds.
ETC: 368.305 seconds.
