Epochs: 2000
RSS: 3.34095
Correctness: 0
ETL: 388.469 seconds.
ETP: 2.47955e-05 seconds.
ETC: 388.58 seconds.
