Epochs: 2000
RSS: 3.21646
Correctness: 0
ETL: 373.048 seconds.
ETP: 2.59876e-05 seconds.
ETC: 373.153 seconds.
