Epochs: 2000
RSS: 3.34741
Correctness: 0
ETL: 369.421 seconds.
ETP: 2.59876e-05 seconds.
ETC: 369.524 seconds.
