Epochs: 2000
RSS: 3.23105
Correctness: 0
ETL: 367.433 seconds.
ETP: 2.59876e-05 seconds.
ETC: 367.535 seconds.
