Epochs: 2000
RSS: 3.29304
Correctness: 0
ETL: 369.234 seconds.
ETP: 2.59876e-05 seconds.
ETC: 369.34 seconds.
