Epochs: 2000
RSS: 3.42541
Correctness: 0
ETL: 368.138 seconds.
ETP: 2.69413e-05 seconds.
ETC: 368.241 seconds.
