Epochs: 2000
RSS: 3.15667
Correctness: 0
ETL: 366.408 seconds.
ETP: 2.69413e-05 seconds.
ETC: 366.507 seconds.
