Epochs: 2000
RSS: 3.04499
Correctness: 0
ETL: 368.466 seconds.
ETP: 2.59876e-05 seconds.
ETC: 368.567 seconds.
