Epochs: 2000
RSS: 3.21793
Correctness: 0
ETL: 370.81 seconds.
ETP: 2.59876e-05 seconds.
ETC: 370.913 seconds.
