Epochs: 2000
RSS: 3.19424
Correctness: 0
ETL: 369.889 seconds.
ETP: 2.59876e-05 seconds.
ETC: 369.99 seconds.
