Epochs: 2000
RSS: 3.15408
Correctness: 0
ETL: 368.6 seconds.
ETP: 2.59876e-05 seconds.
ETC: 368.701 seconds.
