Epochs: 2000
RSS: 3.07087
Correctness: 0
ETL: 370.548 seconds.
ETP: 2.69413e-05 seconds.
ETC: 370.649 seconds.
