Epochs: 2000
RSS: 3.14832
Correctness: 0
ETL: 368.615 seconds.
ETP: 2.81334e-05 seconds.
ETC: 368.716 seconds.
