Epochs: 2000
RSS: 3.30082
Correctness: 0
ETL: 369.114 seconds.
ETP: 2.59876e-05 seconds.
ETC: 369.215 seconds.
