Epochs: 2000
RSS: 3.10414
Correctness: 0
ETL: 368.666 seconds.
ETP: 2.81334e-05 seconds.
ETC: 368.766 seconds.
