Epochs: 2000
RSS: 3.23833
Correctness: 0
ETL: 390.031 seconds.
ETP: 2.59876e-05 seconds.
ETC: 390.144 seconds.
