Epochs: 2000
RSS: 3.50412
Correctness: 0
ETL: 368.158 seconds.
ETP: 2.59876e-05 seconds.
ETC: 368.258 seconds.
