Epochs: 2000
RSS: 3.09176
Correctness: 0
ETL: 368.836 seconds.
ETP: 2.59876e-05 seconds.
ETC: 368.937 seconds.
