Epochs: 2000
RSS: 3.16247
Correctness: 0
ETL: 370.068 seconds.
ETP: 2.59876e-05 seconds.
ETC: 370.169 seconds.
