Epochs: 2000
RSS: 3.23321
Correctness: 0
ETL: 369.387 seconds.
ETP: 2.59876e-05 seconds.
ETC: 369.488 seconds.
