Epochs: 2000
RSS: 3.22381
Correctness: 0
ETL: 370.587 seconds.
ETP: 2.59876e-05 seconds.
ETC: 370.689 seconds.
