Epochs: 2000
RSS: 3.18317
Correctness: 0
ETL: 370.844 seconds.
ETP: 2.59876e-05 seconds.
ETC: 370.949 seconds.
