Epochs: 2000
RSS: 3.09423
Correctness: 0
ETL: 369.03 seconds.
ETP: 2.59876e-05 seconds.
ETC: 369.134 seconds.
