Epochs: 2000
RSS: 3.12404
Correctness: 0
ETL: 368.284 seconds.
ETP: 2.69413e-05 seconds.
ETC: 368.384 seconds.
