Epochs: 2000
RSS: 3.22633
Correctness: 0
ETL: 369.688 seconds.
ETP: 2.59876e-05 seconds.
ETC: 369.789 seconds.
