Epochs: 2000
RSS: 3.17715
Correctness: 0
ETL: 366.853 seconds.
ETP: 2.81334e-05 seconds.
ETC: 366.953 seconds.
