Epochs: 2000
RSS: 3.19118
Correctness: 0
ETL: 367.044 seconds.
ETP: 2.69413e-05 seconds.
ETC: 367.149 seconds.
