Epochs: 2000
RSS: 2.99758
Correctness: 0
ETL: 367.094 seconds.
ETP: 2.59876e-05 seconds.
ETC: 367.198 seconds.
