Epochs: 2000
RSS: 3.20982
Correctness: 0
ETL: 368.508 seconds.
ETP: 2.59876e-05 seconds.
ETC: 368.614 seconds.
