Epochs: 2000
RSS: 3.31605
Correctness: 0
ETL: 368.602 seconds.
ETP: 2.59876e-05 seconds.
ETC: 368.713 seconds.
