Epochs: 2000
RSS: 3.25263
Correctness: 0
ETL: 368.851 seconds.
ETP: 2.69413e-05 seconds.
ETC: 368.952 seconds.
