Epochs: 2000
RSS: 3.12528
Correctness: 0
ETL: 367.994 seconds.
ETP: 2.59876e-05 seconds.
ETC: 368.095 seconds.
