Epochs: 2000
RSS: 3.09193
Correctness: 0
ETL: 368.084 seconds.
ETP: 2.59876e-05 seconds.
ETC: 368.186 seconds.
