Epochs: 2000
RSS: 3.41869
Correctness: 0
ETL: 367.883 seconds.
ETP: 2.59876e-05 seconds.
ETC: 367.983 seconds.
