Epochs: 2000
RSS: 3.21315
Correctness: 0
ETL: 369.126 seconds.
ETP: 2.69413e-05 seconds.
ETC: 369.226 seconds.
