Epochs: 2000
RSS: 3.16319
Correctness: 0
ETL: 369.25 seconds.
ETP: 2.59876e-05 seconds.
ETC: 369.352 seconds.
