Epochs: 2000
RSS: 3.05401
Correctness: 0
ETL: 368.524 seconds.
ETP: 2.69413e-05 seconds.
ETC: 368.625 seconds.
