Epochs: 2000
RSS: 3.23622
Correctness: 0
ETL: 368.965 seconds.
ETP: 2.69413e-05 seconds.
ETC: 369.067 seconds.
