Epochs: 2000
RSS: 3.18851
Correctness: 0
ETL: 368.72 seconds.
ETP: 2.59876e-05 seconds.
ETC: 368.821 seconds.
