Epochs: 2000
RSS: 3.20366
Correctness: 0
ETL: 367.284 seconds.
ETP: 2.59876e-05 seconds.
ETC: 367.384 seconds.
