Epochs: 2000
RSS: 3.10964
Correctness: 0
ETL: 371.216 seconds.
ETP: 2.59876e-05 seconds.
ETC: 371.318 seconds.
