Epochs: 2000
RSS: 3.29996
Correctness: 0
ETL: 367.773 seconds.
ETP: 2.59876e-05 seconds.
ETC: 367.873 seconds.
