Epochs: 2000
RSS: 3.28251
Correctness: 0
ETL: 367.478 seconds.
ETP: 2.69413e-05 seconds.
ETC: 367.578 seconds.
