Epochs: 2000
RSS: 3.01499
Correctness: 0
ETL: 369.399 seconds.
ETP: 2.59876e-05 seconds.
ETC: 369.5 seconds.
