Epochs: 2000
RSS: 3.15002
Correctness: 0
ETL: 388.257 seconds.
ETP: 2.59876e-05 seconds.
ETC: 388.367 seconds.
