Epochs: 2000
RSS: 3.13473
Correctness: 0
ETL: 371.187 seconds.
ETP: 2.59876e-05 seconds.
ETC: 371.288 seconds.
