Epochs: 2000
RSS: 3.18669
Correctness: 0
ETL: 397.296 seconds.
ETP: 2.59876e-05 seconds.
ETC: 397.415 seconds.
