Epochs: 2000
RSS: 3.15127
Correctness: 0
ETL: 369.01 seconds.
ETP: 2.59876e-05 seconds.
ETC: 369.114 seconds.
