Epochs: 2000
RSS: 3.18296
Correctness: 0
ETL: 367.909 seconds.
ETP: 2.59876e-05 seconds.
ETC: 368.014 seconds.
