Epochs: 2000
RSS: 3.16391
Correctness: 0
ETL: 372.859 seconds.
ETP: 2.59876e-05 seconds.
ETC: 372.959 seconds.
