Epochs: 2000
RSS: 3.13184
Correctness: 0
ETL: 372.618 seconds.
ETP: 2.59876e-05 seconds.
ETC: 372.72 seconds.
