Epochs: 2000
RSS: 3.16355
Correctness: 0
ETL: 368.271 seconds.
ETP: 2.59876e-05 seconds.
ETC: 368.372 seconds.
