Epochs: 2000
RSS: 3.33413
Correctness: 0
ETL: 369.704 seconds.
ETP: 2.59876e-05 seconds.
ETC: 369.808 seconds.
