Epochs: 2000
RSS: 3.08758
Correctness: 0
ETL: 368.085 seconds.
ETP: 2.59876e-05 seconds.
ETC: 368.186 seconds.
