Epochs: 2000
RSS: 3.23068
Correctness: 0
ETL: 369.843 seconds.
ETP: 2.59876e-05 seconds.
ETC: 369.957 seconds.
