Epochs: 2000
RSS: 3.22163
Correctness: 0
ETL: 366.877 seconds.
ETP: 2.59876e-05 seconds.
ETC: 366.978 seconds.
