Epochs: 2000
RSS: 3.25974
Correctness: 0
ETL: 374.072 seconds.
ETP: 2.59876e-05 seconds.
ETC: 374.147 seconds.
