Epochs: 2000
RSS: 3.30245
Correctness: 0
ETL: 374.383 seconds.
ETP: 2.59876e-05 seconds.
ETC: 374.459 seconds.
