Epochs: 2000
RSS: 3.22166
Correctness: 0
ETL: 375.224 seconds.
ETP: 2.59876e-05 seconds.
ETC: 375.301 seconds.
