Epochs: 2000
RSS: 3.34264
Correctness: 0
ETL: 374.145 seconds.
ETP: 2.59876e-05 seconds.
ETC: 374.229 seconds.
