Epochs: 2000
RSS: 3.21846
Correctness: 0
ETL: 376.122 seconds.
ETP: 2.59876e-05 seconds.
ETC: 376.199 seconds.
