Epochs: 2000
RSS: 3.11583
Correctness: 0
ETL: 374.38 seconds.
ETP: 2.59876e-05 seconds.
ETC: 374.456 seconds.
