Epochs: 2000
RSS: 3.31765
Correctness: 0
ETL: 373.002 seconds.
ETP: 2.59876e-05 seconds.
ETC: 373.079 seconds.
