Epochs: 2000
RSS: 3.32495
Correctness: 0
ETL: 376.838 seconds.
ETP: 2.59876e-05 seconds.
ETC: 376.914 seconds.
