Epochs: 2000
RSS: 3.32929
Correctness: 0
ETL: 375.921 seconds.
ETP: 2.59876e-05 seconds.
ETC: 375.997 seconds.
