Epochs: 2000
RSS: 3.34467
Correctness: 0
ETL: 376.129 seconds.
ETP: 2.59876e-05 seconds.
ETC: 376.205 seconds.
