Epochs: 2000
RSS: 3.37404
Correctness: 0
ETL: 375.47 seconds.
ETP: 2.59876e-05 seconds.
ETC: 375.546 seconds.
