Epochs: 2000
RSS: 3.15093
Correctness: 0
ETL: 375.136 seconds.
ETP: 2.59876e-05 seconds.
ETC: 375.213 seconds.
