Epochs: 2000
RSS: 3.21033
Correctness: 0
ETL: 374.754 seconds.
ETP: 2.59876e-05 seconds.
ETC: 374.83 seconds.
