Epochs: 2000
RSS: 3.20554
Correctness: 0
ETL: 373.996 seconds.
ETP: 2.71797e-05 seconds.
ETC: 374.072 seconds.
