Epochs: 2000
RSS: 3.30824
Correctness: 0
ETL: 375.934 seconds.
ETP: 2.59876e-05 seconds.
ETC: 376.01 seconds.
