Epochs: 2000
RSS: 3.21213
Correctness: 0
ETL: 375.871 seconds.
ETP: 2.59876e-05 seconds.
ETC: 375.947 seconds.
