Epochs: 2000
RSS: 3.14909
Correctness: 0
ETL: 374.253 seconds.
ETP: 2.71797e-05 seconds.
ETC: 374.329 seconds.
