Epochs: 2000
RSS: 3.25248
Correctness: 0
ETL: 375.108 seconds.
ETP: 2.59876e-05 seconds.
ETC: 375.185 seconds.
