Epochs: 2000
RSS: 3.22975
Correctness: 0
ETL: 373.989 seconds.
ETP: 2.59876e-05 seconds.
ETC: 374.071 seconds.
