Epochs: 2000
RSS: 3.26368
Correctness: 0
ETL: 376.542 seconds.
ETP: 2.59876e-05 seconds.
ETC: 376.62 seconds.
