Epochs: 2000
RSS: 3.20983
Correctness: 0
ETL: 374.659 seconds.
ETP: 2.59876e-05 seconds.
ETC: 374.735 seconds.
