Epochs: 2000
RSS: 3.33174
Correctness: 0
ETL: 375.34 seconds.
ETP: 2.59876e-05 seconds.
ETC: 375.417 seconds.
