Epochs: 2000
RSS: 3.17071
Correctness: 0
ETL: 375.73 seconds.
ETP: 2.59876e-05 seconds.
ETC: 375.805 seconds.
