Epochs: 2000
RSS: 3.31197
Correctness: 0
ETL: 375.048 seconds.
ETP: 2.59876e-05 seconds.
ETC: 375.124 seconds.
