Epochs: 2000
RSS: 3.24161
Correctness: 0
ETL: 375.446 seconds.
ETP: 2.59876e-05 seconds.
ETC: 375.522 seconds.
