Epochs: 2000
RSS: 3.18096
Correctness: 0
ETL: 377.085 seconds.
ETP: 2.59876e-05 seconds.
ETC: 377.162 seconds.
