Epochs: 2000
RSS: 3.23321
Correctness: 0
ETL: 373.414 seconds.
ETP: 2.59876e-05 seconds.
ETC: 373.493 seconds.
