Epochs: 2000
RSS: 3.24053
Correctness: 0
ETL: 376.167 seconds.
ETP: 2.59876e-05 seconds.
ETC: 376.243 seconds.
