Epochs: 2000
RSS: 3.06338
Correctness: 0
ETL: 373.901 seconds.
ETP: 2.59876e-05 seconds.
ETC: 373.98 seconds.
