Epochs: 2000
RSS: 3.35225
Correctness: 0
ETL: 374.373 seconds.
ETP: 2.59876e-05 seconds.
ETC: 374.45 seconds.
