Epochs: 2000
RSS: 3.21805
Correctness: 0
ETL: 375.292 seconds.
ETP: 2.59876e-05 seconds.
ETC: 375.372 seconds.
