Epochs: 2000
RSS: 3.20242
Correctness: 0
ETL: 376.923 seconds.
ETP: 2.59876e-05 seconds.
ETC: 376.999 seconds.
