Epochs: 2000
RSS: 3.42423
Correctness: 0
ETL: 377.028 seconds.
ETP: 2.59876e-05 seconds.
ETC: 377.105 seconds.
