Epochs: 2000
RSS: 3.34069
Correctness: 0
ETL: 373.708 seconds.
ETP: 2.59876e-05 seconds.
ETC: 373.784 seconds.
