Epochs: 2000
RSS: 3.21605
Correctness: 0
ETL: 376.935 seconds.
ETP: 2.59876e-05 seconds.
ETC: 377.011 seconds.
