Epochs: 2000
RSS: 3.23223
Correctness: 0
ETL: 374.926 seconds.
ETP: 2.59876e-05 seconds.
ETC: 375.002 seconds.
