Epochs: 2000
RSS: 3.29782
Correctness: 0
ETL: 373.496 seconds.
ETP: 2.59876e-05 seconds.
ETC: 373.572 seconds.
