Epochs: 2000
RSS: 3.26267
Correctness: 0
ETL: 374.732 seconds.
ETP: 2.59876e-05 seconds.
ETC: 374.811 seconds.
