Epochs: 2000
RSS: 3.11599
Correctness: 0
ETL: 377.488 seconds.
ETP: 2.59876e-05 seconds.
ETC: 377.565 seconds.
