Epochs: 2000
RSS: 3.20645
Correctness: 0
ETL: 376.564 seconds.
ETP: 2.69413e-05 seconds.
ETC: 376.64 seconds.
