Epochs: 2000
RSS: 3.21924
Correctness: 0
ETL: 377.853 seconds.
ETP: 2.59876e-05 seconds.
ETC: 377.929 seconds.
