Epochs: 2000
RSS: 3.39194
Correctness: 0
ETL: 375.126 seconds.
ETP: 2.59876e-05 seconds.
ETC: 375.205 seconds.
