Epochs: 2000
RSS: 3.32372
Correctness: 0
ETL: 375.745 seconds.
ETP: 2.59876e-05 seconds.
ETC: 375.825 seconds.
