Epochs: 2000
RSS: 3.34569
Correctness: 0
ETL: 386.768 seconds.
ETP: 2.59876e-05 seconds.
ETC: 386.846 seconds.
