Epochs: 2000
RSS: 3.16133
Correctness: 0
ETL: 374.447 seconds.
ETP: 2.59876e-05 seconds.
ETC: 374.523 seconds.
