Epochs: 2000
RSS: 3.23785
Correctness: 0
ETL: 375.586 seconds.
ETP: 2.47955e-05 seconds.
ETC: 375.662 seconds.
