Epochs: 2000
RSS: 3.38651
Correctness: 0
ETL: 373.214 seconds.
ETP: 2.59876e-05 seconds.
ETC: 373.293 seconds.
