Epochs: 2000
RSS: 3.21545
Correctness: 0
ETL: 374.666 seconds.
ETP: 2.59876e-05 seconds.
ETC: 374.748 seconds.
