Epochs: 2000
RSS: 8.06274
Correctness: 0
ETL: 373.637 seconds.
ETP: 2.59876e-05 seconds.
ETC: 373.75 seconds.
