Epochs: 2000
RSS: 6.01127
Correctness: 0
ETL: 373.491 seconds.
ETP: 2.71797e-05 seconds.
ETC: 373.607 seconds.
