Epochs: 2000
RSS: 6.76335
Correctness: 0
ETL: 374.144 seconds.
ETP: 2.59876e-05 seconds.
ETC: 374.258 seconds.
