Epochs: 2000
RSS: 6.73544
Correctness: 0
ETL: 389.753 seconds.
ETP: 2.71797e-05 seconds.
ETC: 389.875 seconds.
