Epochs: 2000
RSS: 6.85093
Correctness: 0
ETL: 375.407 seconds.
ETP: 2.59876e-05 seconds.
ETC: 375.521 seconds.
