Epochs: 2000
RSS: 6.83577
Correctness: 0
ETL: 373.409 seconds.
ETP: 2.71797e-05 seconds.
ETC: 373.526 seconds.
