Epochs: 2000
RSS: 6.61071
Correctness: 0
ETL: 374.1 seconds.
ETP: 2.59876e-05 seconds.
ETC: 374.214 seconds.
