Epochs: 2000
RSS: 6.82778
Correctness: 0
ETL: 375.368 seconds.
ETP: 2.59876e-05 seconds.
ETC: 375.482 seconds.
