Epochs: 2000
RSS: 7.47726
Correctness: 0
ETL: 372.321 seconds.
ETP: 2.59876e-05 seconds.
ETC: 372.437 seconds.
