Epochs: 2000
RSS: 6.98972
Correctness: 0
ETL: 374.42 seconds.
ETP: 2.59876e-05 seconds.
ETC: 374.534 seconds.
