Epochs: 2000
RSS: 7.64382
Correctness: 0
ETL: 374.426 seconds.
ETP: 2.69413e-05 seconds.
ETC: 374.543 seconds.
