Epochs: 2000
RSS: 7.92718
Correctness: 0
ETL: 371.315 seconds.
ETP: 2.69413e-05 seconds.
ETC: 371.428 seconds.
