Epochs: 2000
RSS: 6.63928
Correctness: 0
ETL: 375.561 seconds.
ETP: 2.59876e-05 seconds.
ETC: 375.685 seconds.
