Epochs: 2000
RSS: 7.13946
Correctness: 0
ETL: 373.847 seconds.
ETP: 2.69413e-05 seconds.
ETC: 373.964 seconds.
