Epochs: 2000
RSS: 6.60328
Correctness: 0
ETL: 372.542 seconds.
ETP: 2.59876e-05 seconds.
ETC: 372.655 seconds.
