Epochs: 2000
RSS: 6.58553
Correctness: 0
ETL: 372.227 seconds.
ETP: 2.59876e-05 seconds.
ETC: 372.34 seconds.
