Epochs: 2000
RSS: 8.75466
Correctness: 0
ETL: 373.519 seconds.
ETP: 2.59876e-05 seconds.
ETC: 373.633 seconds.
