Epochs: 2000
RSS: 6.62229
Correctness: 0
ETL: 372.892 seconds.
ETP: 2.71797e-05 seconds.
ETC: 373.006 seconds.
