Epochs: 2000
RSS: 6.33304
Correctness: 0
ETL: 372.423 seconds.
ETP: 2.71797e-05 seconds.
ETC: 372.541 seconds.
