Epochs: 2000
RSS: 6.73254
Correctness: 0
ETL: 373.018 seconds.
ETP: 2.69413e-05 seconds.
ETC: 373.133 seconds.
