Epochs: 2000
RSS: 6.17653
Correctness: 0
ETL: 390.529 seconds.
ETP: 2.59876e-05 seconds.
ETC: 390.649 seconds.
