Epochs: 2000
RSS: 6.43051
Correctness: 0
ETL: 373.237 seconds.
ETP: 2.69413e-05 seconds.
ETC: 373.353 seconds.
