Epochs: 2000
RSS: 6.57338
Correctness: 0
ETL: 374.812 seconds.
ETP: 2.59876e-05 seconds.
ETC: 374.926 seconds.
