Epochs: 2000
RSS: 7.40698
Correctness: 0
ETL: 373.717 seconds.
ETP: 2.69413e-05 seconds.
ETC: 373.831 seconds.
