Epochs: 2000
RSS: 6.71216
Correctness: 0
ETL: 373.552 seconds.
ETP: 2.69413e-05 seconds.
ETC: 373.67 seconds.
