Epochs: 2000
RSS: 6.18607
Correctness: 0
ETL: 372.401 seconds.
ETP: 2.59876e-05 seconds.
ETC: 372.516 seconds.
