Epochs: 2000
RSS: 7.18172
Correctness: 0
ETL: 373.721 seconds.
ETP: 2.69413e-05 seconds.
ETC: 373.836 seconds.
