Epochs: 2000
RSS: 7.36523
Correctness: 0
ETL: 373.501 seconds.
ETP: 2.71797e-05 seconds.
ETC: 373.616 seconds.
