Epochs: 2000
RSS: 6.08482
Correctness: 0
ETL: 373.061 seconds.
ETP: 2.59876e-05 seconds.
ETC: 373.175 seconds.
