Epochs: 2000
RSS: 6.92985
Correctness: 0
ETL: 371.858 seconds.
ETP: 2.59876e-05 seconds.
ETC: 371.971 seconds.
