Epochs: 2000
RSS: 8.22936
Correctness: 0
ETL: 373.649 seconds.
ETP: 2.59876e-05 seconds.
ETC: 373.762 seconds.
