Epochs: 2000
RSS: 6.41655
Correctness: 0
ETL: 373.081 seconds.
ETP: 2.59876e-05 seconds.
ETC: 373.197 seconds.
