Epochs: 2000
RSS: 6.55545
Correctness: 0
ETL: 375.058 seconds.
ETP: 2.59876e-05 seconds.
ETC: 375.172 seconds.
