Epochs: 2000
RSS: 5.95221
Correctness: 0
ETL: 371.941 seconds.
ETP: 3.88622e-05 seconds.
ETC: 372.057 seconds.
