Epochs: 2000
RSS: 6.74445
Correctness: 0
ETL: 374.037 seconds.
ETP: 2.71797e-05 seconds.
ETC: 374.15 seconds.
