Epochs: 2000
RSS: 6.02289
Correctness: 0
ETL: 372.833 seconds.
ETP: 2.59876e-05 seconds.
ETC: 372.945 seconds.
