Epochs: 2000
RSS: 6.23452
Correctness: 0
ETL: 373.344 seconds.
ETP: 2.69413e-05 seconds.
ETC: 373.458 seconds.
