Epochs: 2000
RSS: 7.70716
Correctness: 0
ETL: 372.917 seconds.
ETP: 2.69413e-05 seconds.
ETC: 373.03 seconds.
