Epochs: 2000
RSS: 7.07959
Correctness: 0
ETL: 371.862 seconds.
ETP: 2.59876e-05 seconds.
ETC: 371.977 seconds.
