Epochs: 2000
RSS: 6.72842
Correctness: 0
ETL: 426.979 seconds.
ETP: 2.69413e-05 seconds.
ETC: 427.109 seconds.
