Epochs: 2000
RSS: 6.18519
Correctness: 0
ETL: 373.388 seconds.
ETP: 2.69413e-05 seconds.
ETC: 373.505 seconds.
