Epochs: 2000
RSS: 7.33334
Correctness: 0
ETL: 375.259 seconds.
ETP: 2.59876e-05 seconds.
ETC: 375.372 seconds.
