Epochs: 2000
RSS: 8.09169
Correctness: 0
ETL: 373.899 seconds.
ETP: 2.69413e-05 seconds.
ETC: 374.012 seconds.
