Epochs: 2000
RSS: 6.81815
Correctness: 0
ETL: 374.332 seconds.
ETP: 2.69413e-05 seconds.
ETC: 374.448 seconds.
