Epochs: 2000
RSS: 6.90817
Correctness: 0
ETL: 374.155 seconds.
ETP: 2.59876e-05 seconds.
ETC: 374.272 seconds.
