Epochs: 2000
RSS: 7.38249
Correctness: 0
ETL: 372.501 seconds.
ETP: 2.69413e-05 seconds.
ETC: 372.622 seconds.
