Epochs: 2000
RSS: 7.13515
Correctness: 0
ETL: 373.673 seconds.
ETP: 2.69413e-05 seconds.
ETC: 373.786 seconds.
