Epochs: 2000
RSS: 6.94015
Correctness: 0
ETL: 373.639 seconds.
ETP: 2.69413e-05 seconds.
ETC: 373.757 seconds.
