Epochs: 2000
RSS: 7.41134
Correctness: 0
ETL: 371.921 seconds.
ETP: 2.59876e-05 seconds.
ETC: 372.04 seconds.
