Epochs: 2000
RSS: 8.38979
Correctness: 0
ETL: 375.099 seconds.
ETP: 2.59876e-05 seconds.
ETC: 375.214 seconds.
