Epochs: 2000
RSS: 6.36613
Correctness: 0
ETL: 374.641 seconds.
ETP: 2.69413e-05 seconds.
ETC: 374.756 seconds.
