Epochs: 2000
RSS: 5.81276
Correctness: 0
ETL: 372.673 seconds.
ETP: 2.59876e-05 seconds.
ETC: 372.791 seconds.
