Epochs: 2000
RSS: 7.92337
Correctness: 0
ETL: 373.85 seconds.
ETP: 2.69413e-05 seconds.
ETC: 373.967 seconds.
