Epochs: 2000
RSS: 7.94521
Correctness: 0
ETL: 399.518 seconds.
ETP: 2.59876e-05 seconds.
ETC: 399.64 seconds.
