Epochs: 2000
RSS: 7.54341
Correctness: 0
ETL: 372.52 seconds.
ETP: 2.69413e-05 seconds.
ETC: 372.637 seconds.
