Epochs: 2000
RSS: 5.95266
Correctness: 0
ETL: 371.693 seconds.
ETP: 2.69413e-05 seconds.
ETC: 371.81 seconds.
