Epochs: 2000
RSS: 7.21511
Correctness: 0
ETL: 371.995 seconds.
ETP: 2.69413e-05 seconds.
ETC: 372.116 seconds.
