Epochs: 2000
RSS: 6.41597
Correctness: 0
ETL: 372.967 seconds.
ETP: 2.69413e-05 seconds.
ETC: 373.084 seconds.
