Epochs: 2000
RSS: 7.36078
Correctness: 0
ETL: 374.857 seconds.
ETP: 2.59876e-05 seconds.
ETC: 374.971 seconds.
