Epochs: 2000
RSS: 6.34123
Correctness: 0
ETL: 372.121 seconds.
ETP: 2.59876e-05 seconds.
ETC: 372.234 seconds.
