Epochs: 2000
RSS: 6.59733
Correctness: 0
ETL: 366.408 seconds.
ETP: 2.59876e-05 seconds.
ETC: 366.503 seconds.
