Epochs: 2000
RSS: 7.51848
Correctness: 0
ETL: 368.515 seconds.
ETP: 2.59876e-05 seconds.
ETC: 368.616 seconds.
