Epochs: 2000
RSS: 6.79464
Correctness: 0
ETL: 370.076 seconds.
ETP: 2.69413e-05 seconds.
ETC: 370.176 seconds.
