Epochs: 2000
RSS: 6.52084
Correctness: 0
ETL: 363.815 seconds.
ETP: 2.59876e-05 seconds.
ETC: 363.91 seconds.
