Epochs: 2000
RSS: 6.43512
Correctness: 0
ETL: 370.925 seconds.
ETP: 2.59876e-05 seconds.
ETC: 371.023 seconds.
