Epochs: 2000
RSS: 6.78481
Correctness: 0
ETL: 367.289 seconds.
ETP: 2.59876e-05 seconds.
ETC: 367.387 seconds.
