Epochs: 2000
RSS: 7.34979
Correctness: 0
ETL: 367.021 seconds.
ETP: 2.59876e-05 seconds.
ETC: 367.115 seconds.
