Epochs: 2000
RSS: 6.90493
Correctness: 0
ETL: 366.884 seconds.
ETP: 3.09944e-05 seconds.
ETC: 366.98 seconds.
