Epochs: 2000
RSS: 7.00995
Correctness: 0
ETL: 367.017 seconds.
ETP: 2.69413e-05 seconds.
ETC: 367.119 seconds.
