Epochs: 2000
RSS: 6.95508
Correctness: 0
ETL: 368.683 seconds.
ETP: 2.59876e-05 seconds.
ETC: 368.783 seconds.
