Epochs: 2000
RSS: 6.89561
Correctness: 0
ETL: 369.12 seconds.
ETP: 2.69413e-05 seconds.
ETC: 369.22 seconds.
