Epochs: 2000
RSS: 6.33075
Correctness: 0
ETL: 366.069 seconds.
ETP: 2.71797e-05 seconds.
ETC: 366.174 seconds.
