Epochs: 2000
RSS: 6.51552
Correctness: 0
ETL: 368.023 seconds.
ETP: 2.81334e-05 seconds.
ETC: 368.121 seconds.
