Epochs: 2000
RSS: 7.03656
Correctness: 0
ETL: 368.283 seconds.
ETP: 2.59876e-05 seconds.
ETC: 368.382 seconds.
