Epochs: 2000
RSS: 5.99958
Correctness: 0
ETL: 367.503 seconds.
ETP: 2.59876e-05 seconds.
ETC: 367.597 seconds.
