Epochs: 2000
RSS: 8.02851
Correctness: 0
ETL: 366.722 seconds.
ETP: 2.59876e-05 seconds.
ETC: 366.821 seconds.
