Epochs: 2000
RSS: 6.23093
Correctness: 0
ETL: 368.655 seconds.
ETP: 2.59876e-05 seconds.
ETC: 368.752 seconds.
