Epochs: 2000
RSS: 7.01571
Correctness: 0
ETL: 366.612 seconds.
ETP: 2.59876e-05 seconds.
ETC: 366.71 seconds.
