Epochs: 2000
RSS: 7.00457
Correctness: 0
ETL: 367.896 seconds.
ETP: 2.59876e-05 seconds.
ETC: 368.001 seconds.
