Epochs: 2000
RSS: 6.91355
Correctness: 0
ETL: 366.384 seconds.
ETP: 3.40939e-05 seconds.
ETC: 366.478 seconds.
