Epochs: 2000
RSS: 7.17874
Correctness: 0
ETL: 368.505 seconds.
ETP: 2.69413e-05 seconds.
ETC: 368.605 seconds.
