Epochs: 2000
RSS: 6.57989
Correctness: 0
ETL: 368.46 seconds.
ETP: 2.59876e-05 seconds.
ETC: 368.556 seconds.
