Epochs: 2000
RSS: 7.67182
Correctness: 0
ETL: 365.805 seconds.
ETP: 2.59876e-05 seconds.
ETC: 365.903 seconds.
