Epochs: 2000
RSS: 6.64411
Correctness: 0
ETL: 367.744 seconds.
ETP: 2.81334e-05 seconds.
ETC: 367.842 seconds.
