Epochs: 2000
RSS: 6.88486
Correctness: 0
ETL: 367.516 seconds.
ETP: 2.59876e-05 seconds.
ETC: 367.616 seconds.
