Epochs: 2000
RSS: 7.24041
Correctness: 0
ETL: 367.016 seconds.
ETP: 2.59876e-05 seconds.
ETC: 367.114 seconds.
