Epochs: 2000
RSS: 6.82644
Correctness: 0
ETL: 367.07 seconds.
ETP: 2.69413e-05 seconds.
ETC: 367.166 seconds.
