Epochs: 2000
RSS: 6.62366
Correctness: 0
ETL: 366.571 seconds.
ETP: 2.59876e-05 seconds.
ETC: 366.668 seconds.
