Epochs: 2000
RSS: 8.39326
Correctness: 0
ETL: 368.111 seconds.
ETP: 2.69413e-05 seconds.
ETC: 368.205 seconds.
