Epochs: 2000
RSS: 6.87541
Correctness: 0
ETL: 369.602 seconds.
ETP: 2.59876e-05 seconds.
ETC: 369.702 seconds.
