Epochs: 2000
RSS: 6.91802
Correctness: 0
ETL: 367.45 seconds.
ETP: 2.69413e-05 seconds.
ETC: 367.55 seconds.
