Epochs: 2000
RSS: 6.86869
Correctness: 0
ETL: 366.189 seconds.
ETP: 2.81334e-05 seconds.
ETC: 366.285 seconds.
