Epochs: 2000
RSS: 6.20009
Correctness: 0
ETL: 365.313 seconds.
ETP: 2.59876e-05 seconds.
ETC: 365.407 seconds.
