Epochs: 2000
RSS: 7.08944
Correctness: 0
ETL: 368.657 seconds.
ETP: 2.90871e-05 seconds.
ETC: 368.758 seconds.
