Epochs: 2000
RSS: 6.91805
Correctness: 0
ETL: 367.992 seconds.
ETP: 2.59876e-05 seconds.
ETC: 368.085 seconds.
