Epochs: 2000
RSS: 7.28164
Correctness: 0
ETL: 368.032 seconds.
ETP: 2.59876e-05 seconds.
ETC: 368.127 seconds.
