Epochs: 2000
RSS: 7.10602
Correctness: 0
ETL: 369.707 seconds.
ETP: 2.59876e-05 seconds.
ETC: 369.803 seconds.
