Epochs: 2000
RSS: 6.13758
Correctness: 0
ETL: 366.129 seconds.
ETP: 2.59876e-05 seconds.
ETC: 366.223 seconds.
