Epochs: 2000
RSS: 6.89631
Correctness: 0
ETL: 367.768 seconds.
ETP: 2.59876e-05 seconds.
ETC: 367.865 seconds.
