Epochs: 2000
RSS: 6.50982
Correctness: 0
ETL: 366.133 seconds.
ETP: 2.69413e-05 seconds.
ETC: 366.227 seconds.
