Epochs: 2000
RSS: 7.44504
Correctness: 0
ETL: 367.266 seconds.
ETP: 2.59876e-05 seconds.
ETC: 367.362 seconds.
