Epochs: 2000
RSS: 7.99609
Correctness: 0
ETL: 365.949 seconds.
ETP: 2.59876e-05 seconds.
ETC: 366.045 seconds.
