Epochs: 2000
RSS: 7.34063
Correctness: 0
ETL: 364.691 seconds.
ETP: 2.59876e-05 seconds.
ETC: 364.793 seconds.
