Epochs: 2000
RSS: 7.64052
Correctness: 0
ETL: 369.171 seconds.
ETP: 2.59876e-05 seconds.
ETC: 369.269 seconds.
