Epochs: 2000
RSS: 7.63223
Correctness: 0
ETL: 368.955 seconds.
ETP: 2.59876e-05 seconds.
ETC: 369.053 seconds.
