Epochs: 2000
RSS: 6.56313
Correctness: 0
ETL: 368.052 seconds.
ETP: 2.81334e-05 seconds.
ETC: 368.154 seconds.
