Epochs: 2000
RSS: 6.74265
Correctness: 0
ETL: 368.41 seconds.
ETP: 2.69413e-05 seconds.
ETC: 368.508 seconds.
