Epochs: 2000
RSS: 6.64936
Correctness: 0
ETL: 364.637 seconds.
ETP: 2.90871e-05 seconds.
ETC: 364.731 seconds.
