Epochs: 2000
RSS: 3.31203
Correctness: 0
ETL: 361.381 seconds.
ETP: 2.69413e-05 seconds.
ETC: 361.452 seconds.
