Epochs: 2000
RSS: 3.37517
Correctness: 0
ETL: 361.888 seconds.
ETP: 2.59876e-05 seconds.
ETC: 361.96 seconds.
