Epochs: 2000
RSS: 3.21426
Correctness: 0
ETL: 361.277 seconds.
ETP: 2.69413e-05 seconds.
ETC: 361.348 seconds.
