Epochs: 2000
RSS: 3.19151
Correctness: 0
ETL: 360.457 seconds.
ETP: 3.19481e-05 seconds.
ETC: 360.528 seconds.
