Epochs: 2000
RSS: 3.20874
Correctness: 0
ETL: 361.306 seconds.
ETP: 2.69413e-05 seconds.
ETC: 361.377 seconds.
