Epochs: 2000
RSS: 3.16378
Correctness: 0
ETL: 360.494 seconds.
ETP: 2.69413e-05 seconds.
ETC: 360.565 seconds.
