Epochs: 2000
RSS: 3.24189
Correctness: 0
ETL: 359.736 seconds.
ETP: 2.40803e-05 seconds.
ETC: 359.813 seconds.
