Epochs: 2000
RSS: 3.18498
Correctness: 0
ETL: 360.579 seconds.
ETP: 2.40803e-05 seconds.
ETC: 360.651 seconds.
