Epochs: 2000
RSS: 3.18656
Correctness: 0
ETL: 359.834 seconds.
ETP: 2.90871e-05 seconds.
ETC: 359.905 seconds.
