Epochs: 2000
RSS: 3.17491
Correctness: 0
ETL: 361.755 seconds.
ETP: 2.40803e-05 seconds.
ETC: 361.841 seconds.
