Epochs: 2000
RSS: 3.34451
Correctness: 0
ETL: 358.975 seconds.
ETP: 2.40803e-05 seconds.
ETC: 359.047 seconds.
