Epochs: 2000
RSS: 3.18879
Correctness: 0
ETL: 362.233 seconds.
ETP: 2.40803e-05 seconds.
ETC: 362.311 seconds.
