Epochs: 2000
RSS: 3.46781
Correctness: 0
ETL: 361.518 seconds.
ETP: 2.81334e-05 seconds.
ETC: 361.59 seconds.
