Epochs: 2000
RSS: 3.22938
Correctness: 0
ETL: 358.869 seconds.
ETP: 2.69413e-05 seconds.
ETC: 358.944 seconds.
