Epochs: 2000
RSS: 3.17914
Correctness: 0
ETL: 360.958 seconds.
ETP: 2.69413e-05 seconds.
ETC: 361.029 seconds.
