Epochs: 2000
RSS: 3.32911
Correctness: 0
ETL: 360.932 seconds.
ETP: 2.40803e-05 seconds.
ETC: 361.004 seconds.
