Epochs: 2000
RSS: 3.13256
Correctness: 0
ETL: 360.947 seconds.
ETP: 2.38419e-05 seconds.
ETC: 361.032 seconds.
