Epochs: 2000
RSS: 3.21539
Correctness: 0
ETL: 361.174 seconds.
ETP: 2.71797e-05 seconds.
ETC: 361.245 seconds.
