Epochs: 2000
RSS: 3.04311
Correctness: 0
ETL: 364.928 seconds.
ETP: 2.59876e-05 seconds.
ETC: 365 seconds.
