Epochs: 2000
RSS: 3.15817
Correctness: 0
ETL: 360.801 seconds.
ETP: 2.59876e-05 seconds.
ETC: 360.872 seconds.
