Epochs: 2000
RSS: 3.30287
Correctness: 0
ETL: 386.112 seconds.
ETP: 2.40803e-05 seconds.
ETC: 386.196 seconds.
