Epochs: 2000
RSS: 3.17525
Correctness: 0
ETL: 362.078 seconds.
ETP: 2.90871e-05 seconds.
ETC: 362.149 seconds.
