Epochs: 2000
RSS: 3.15005
Correctness: 0
ETL: 359.247 seconds.
ETP: 2.69413e-05 seconds.
ETC: 359.318 seconds.
