Epochs: 2000
RSS: 3.25251
Correctness: 0
ETL: 359.492 seconds.
ETP: 2.90871e-05 seconds.
ETC: 359.563 seconds.
