Epochs: 2000
RSS: 3.13014
Correctness: 0
ETL: 359.669 seconds.
ETP: 2.38419e-05 seconds.
ETC: 359.743 seconds.
