Epochs: 2000
RSS: 3.34873
Correctness: 0
ETL: 359.818 seconds.
ETP: 2.88486e-05 seconds.
ETC: 359.889 seconds.
