Epochs: 2000
RSS: 3.21739
Correctness: 0
ETL: 359.639 seconds.
ETP: 2.71797e-05 seconds.
ETC: 359.71 seconds.
