Epochs: 2000
RSS: 3.30281
Correctness: 0
ETL: 360.248 seconds.
ETP: 2.90871e-05 seconds.
ETC: 360.319 seconds.
