Epochs: 2000
RSS: 3.20404
Correctness: 0
ETL: 364.333 seconds.
ETP: 2.40803e-05 seconds.
ETC: 364.405 seconds.
