Epochs: 2000
RSS: 3.19291
Correctness: 0
ETL: 359.293 seconds.
ETP: 2.81334e-05 seconds.
ETC: 359.365 seconds.
