Epochs: 2000
RSS: 3.19104
Correctness: 0
ETL: 361.854 seconds.
ETP: 2.40803e-05 seconds.
ETC: 361.927 seconds.
