Epochs: 2000
RSS: 3.22062
Correctness: 0
ETL: 360.968 seconds.
ETP: 2.47955e-05 seconds.
ETC: 361.042 seconds.
