Epochs: 2000
RSS: 3.26394
Correctness: 0
ETL: 387.053 seconds.
ETP: 4.00543e-05 seconds.
ETC: 387.136 seconds.
