Epochs: 2000
RSS: 3.29423
Correctness: 0
ETL: 361.064 seconds.
ETP: 2.69413e-05 seconds.
ETC: 361.136 seconds.
