Epochs: 2000
RSS: 3.29638
Correctness: 0
ETL: 358.155 seconds.
ETP: 2.40803e-05 seconds.
ETC: 358.229 seconds.
