Epochs: 2000
RSS: 3.25135
Correctness: 0
ETL: 360.96 seconds.
ETP: 2.59876e-05 seconds.
ETC: 361.031 seconds.
