Epochs: 2000
RSS: 3.30319
Correctness: 0
ETL: 358.52 seconds.
ETP: 2.90871e-05 seconds.
ETC: 358.597 seconds.
