Epochs: 2000
RSS: 3.37924
Correctness: 0
ETL: 796.075 seconds.
ETP: 2.59876e-05 seconds.
ETC: 796.273 seconds.
