Epochs: 2000
RSS: 6.82684
Correctness: 0
ETL: 785.244 seconds.
ETP: 2.59876e-05 seconds.
ETC: 785.472 seconds.
